1.1658
1.1703
1.1687
1.1694
1.1698
1.1686
1.165
1.165
1.1663
1.1658
1.1644
1.1613
1.1617
1.1611
1.159
1.1603
1.1569
1.1609
1.1637
1.1638
1.1617
1.1585
1.156
1.1588
1.1618
1.1597
1.1587
1.159
1.1589
1.1615
1.1598
1.1621
1.1597
1.1552
1.1512
1.1529
1.1512
1.1504
1.1459
1.1464
1.145
1.143
1.1529
1.1473
1.1533
1.1576
1.1637
1.165
1.1673
1.1695
1.1786
1.1847
1.18
1.1772
1.1789
1.1829
1.1865
1.1937
1.1882
1.1875
1.1868
1.1915
1.1972
1.1904
1.193
1.1925
1.1882
1.1844
1.1819
1.1812
1.1795
1.1824
1.1875
1.187
1.1852
1.1845
1.1822
1.184
1.1808
1.1819
1.1855
1.1872
1.1895
1.1881
1.1895
1.1933
1.19
1.1875
1.1842
1.1789
1.1818
1.1787
1.1758
1.1749
1.1774
1.1746
1.1755
1.1741
1.1595
1.1609
1.1601
1.1589
1.1628
1.1595
1.1588
1.1588
1.1615
1.1584
1.157
1.153
1.1509
1.1505
1.147
1.1476
1.1461
1.1483
1.1521
1.1501
1.1484
1.1496
1.1497
1.1493
1.153
1.152
1.1493
1.1512
1.1502
1.147
1.1438
1.1423
1.144
1.1453
1.1464
1.1501
1.1506
1.1531
1.1517
1.1495
1.1508
1.1533
1.1531
1.1542
1.1528
1.1569
1.1636
1.164
1.1668
1.1619
1.1585
1.1579
1.1574
1.1564
1.1583
1.157
1.1598
1.1607
1.1597
1.159
1.1595
1.1642
1.1646
1.1612
1.1605
1.1597
1.1586
1.1589
1.1588
1.1559
1.1576
1.1555
1.1581
1.1621
1.1629
1.1643
1.1626
1.1618
1.1624
1.1614
1.1646
1.1661
1.1706
1.1682
1.1667
1.1665
1.1619
1.1659
1.1664
1.1677
1.1723
1.1705
1.171
1.1718
1.1684
1.1665
1.1676
1.1681
1.1659
1.165
1.1643
1.165
1.1663
1.1669
1.1671
1.1672
1.1678
1.1691
1.167
1.1718
1.1752
1.1745
1.1779
1.1753
1.179
1.1843
1.1882
1.187
1.1836
1.1827
1.1849
1.1865
1.189
1.1882
1.1867
1.1872
1.1855
1.1909
1.1882
1.1878
1.1899
1.1929
1.1932
1.1945
1.1917
1.1959
1.1954
1.1986
1.2
1.201
1.2038
1.2046
1.2109
1.2087
1.2027
1.1929
1.1942
1.1923
1.1924
1.192
1.1881
1.1887
1.1945
1.1948
1.1886
1.1882
1.188
1.1879
1.1883
1.1894
1.1903
1.1909
1.1898
1.1919
1.1901
1.1904
1.1894
1.1911
1.1906
1.19
1.1916
1.1943
1.198
1.1943
1.1941
1.1971
1.1954
1.1971
1.1961
1.1972
1.1989
1.1967
1.2011
1.2061
1.2034
1.1993
1.1956
1.1967
1.1985
1.1977
1.1996
1.2013
1.2036
1.2034
1.203
1.201
1.1996
1.1977
1.1972
1.1986
1.198
1.1926
1.1906
1.1864
1.1823
1.1818
1.1809
1.1827
1.183
1.1833
1.1837
1.1882
1.1868
1.1873
1.1835
1.1819
1.1838
1.188
1.1846
1.1838
1.1853
1.1867
1.192
1.1917
1.197
1.1949
1.1963
1.1956
1.1938
1.1934
1.1946
1.193
1.1933
1.195
1.1973
1.1962
1.1963
1.2008
1.2026
1.199
1.1993
1.1996
1.2013
1.2019
1.2013
1.2018
1.2017
1.199
1.2015
1.2016
1.202
1.2011
1.2011
1.2023
1.2018
1.2037
1.206
1.2079
1.207
1.2105
1.2069
1.2057
1.2062
1.2026
1.2054
1.2047
1.2019
1.204
1.2051
1.2059
1.206
1.2018
1.1991
1.1995
1.2008
1.2027
1.1998
1.2006
1.2035
1.2023
1.2018
1.2022
1.2027
1.2058
1.206
1.2031
1.2032
1.2056
1.2039
1.2042
1.2057
1.2068
1.2125
1.2129
1.2195
1.2083
1.2238
1.2267
1.227
1.225
1.2339
1.2426
1.2425
1.2425
1.2383
1.2421
1.2397
1.2323
1.2297
1.2303
1.2263
1.2227
1.2157
1.2113
1.2124
1.2061
1.2087
1.2142
1.2138
1.2112
1.2021
1.202
1.2041
1.1959
1.1944
1.1982
1.2008
1.2086
1.2017
1.2043
1.202
1.1999
1.2025
1.2025
1.2001
1.1961
1.1982
1.1986
1.1976
1.1983
1.2042
1.2029
1.2069
1.2054
1.2045
1.1991
1.2004
1.1989
1.1992
1.1975
1.1978
1.2011
1.2003
1.2031
1.2021
1.2019
1.2056
1.2061
1.2045
1.2081
1.2084
1.2074
1.2057
1.203
1.1991
1.1968
1.1973
1.1929
1.1918
1.1939
1.1901
1.1889
1.1866
1.1879
1.1794
1.1838
1.1846
1.1829
1.1803
1.1799
1.1768
1.1766
1.1784
1.1776
1.1813
1.1783
1.1836
1.1836
1.1834
1.1863
1.1894
1.196
1.1934
1.1921
1.1898
1.1884
1.1863
1.1822
1.1816
1.1836
1.181
1.1857
1.1839
1.1863
1.1866
1.1895
1.1863
1.1876
1.1863
1.1897
1.1912
1.1908
1.1941
1.1946
1.1956
1.1938
1.1946
1.191
1.1945
1.1984
1.1949
1.1969
1.198
1.1967
1.2016
1.2067
1.2074
1.2048
1.2058
1.2087
1.2168
1.2144
1.2098
1.2185
1.2182
1.2146
1.2168
1.2164
1.2207
1.2203
1.2216
1.229
1.2278
1.2253
1.2249
1.2191
1.2126
1.2136
1.2123
1.2127
1.2118
1.2155
1.218
1.2169
1.2154
1.2154
1.2204
1.2203
1.2207
1.2239
1.2266
1.2282
1.2323
1.2277
1.2305
1.2267
1.2259
1.2265
1.2289
1.2326
1.2328
1.2316
1.2307
1.2244
1.2248
1.2218
1.2207
1.2185
1.2224
1.2226
1.225
1.2242
1.2223
1.2253
1.2255
1.2223
1.2197
1.2245
1.2268
1.2231
1.2213
1.2231
1.2254
1.2323
1.2396
1.2388
1.2375
1.2392
1.2392
1.2366
1.2327
1.2355
1.2362
1.2376
1.2366
1.2423
1.244
1.2491
1.2455
1.2438
1.2499
1.254
1.2584
1.2639
1.2612
1.2619
1.2718
1.2751
1.2827
1.2892
1.294
1.3002
1.2981
1.299
1.2865
1.2874
1.2984
1.2995
1.2929
1.286
1.2875
1.2919
1.2962
1.29
1.2792
1.2717
1.2736
1.2712
1.2665
1.2637
1.2607
1.257
1.2537
1.2603
1.2565
1.2636
1.2623
1.2601
1.2617
1.2556
1.25
1.2528
1.2531
1.2481
1.2482
1.2549
1.2534
1.2535
1.2599
1.252
1.2515
1.2392
1.2398
1.242
1.2355
1.2373
1.2336
1.2335
1.2336
1.2398
1.2435
1.2392
1.2374
1.2366
1.24
1.241
1.2369
1.233
1.2385
1.2374
1.2359
1.2354
1.2338
1.234
1.2321
1.2286
1.2285
1.2278
1.2324
1.2348
1.2364
1.2337
1.2363
1.2353
1.2382
1.2403
1.2386
1.235
1.2328
1.225
1.2289
1.2288
1.23
1.228
1.2248
1.2279
1.2262
1.2262
1.2274
1.2272
1.2282
1.2272
1.2261
1.2245
1.2219
1.2229
1.223
1.2226
1.2194
1.221
1.2234
1.2249
1.2258
1.2259
1.2251
1.2211
1.2253
1.2263
1.2286
1.2382
1.2398
1.2373
1.2393
1.2407
1.2359
1.2411
1.2447
1.241
1.2387
1.235
1.2371
1.2366
1.2381
1.2396
1.237
1.2361
1.2374
1.2376
1.2388
1.2408
1.243
1.242
1.2395
1.2356
1.2297
1.23
1.2298
1.2297
1.2313
1.2267
1.2253
1.2231
1.223
1.2194
1.2224
1.2223
1.2265
1.2252
1.225
1.2283
1.2322
1.236
1.2373
1.2356
1.236
1.2367
1.2353
1.2384
1.2334
1.2285
1.2248
1.2247
1.226
1.2272
1.2252
1.2245
1.2241
1.2235
1.2246
1.2247
1.2259
1.2301
1.2282
1.2282
1.229
1.2279
1.2254
1.2228
1.2232
1.2229
1.2246
1.2276
1.2254
1.2265
1.2272
1.2243
1.2223
1.2231
1.2258
1.2241
1.2243
1.2276
1.2271
1.2272
1.2313
1.2305
1.2306
1.2341
1.2367
1.2379
1.2362
1.2346
1.236
1.2352
1.233
1.2318
1.2343
1.2333
1.233
1.2368
1.2376
1.2344
1.2293
1.227
1.2258
1.228
1.2276
1.2271
1.2262
1.2239
1.226
1.2256
1.2243
1.227
1.2265
1.2268
1.2257
1.2265
1.2271
1.2288
1.231
1.2311
1.233
1.2335
1.2344
1.2351
1.2325
1.233
1.2306
1.23
1.231
1.2296
1.2323
1.2344
1.2354
1.2357
1.2343
1.2339
1.235
1.2364
1.2375
1.235
1.232
1.2311
1.2293
1.2277
1.232
1.2325
1.2304
1.2295
1.2287
1.2276
1.227
1.2308
1.2309
1.2317
1.2313
1.2316
1.2319
1.2327
1.2327
1.2341
1.2328
1.233
1.2327
1.2334
1.2343
1.2339
1.2328
1.2332
1.232
1.234
1.2344
1.2355
1.2334
1.2338
1.2362
1.2363
1.2353
1.2369
1.2375
1.2372
1.2358
1.2333
1.2331
1.2336
1.234
1.2323
1.2305
1.2299
1.2295
1.2305
1.2313
1.2322
1.234
1.2334
1.2329
1.2308
1.2318
1.2308
1.2317
1.2309
1.2323
1.2338
1.234
1.2338
1.2325
1.2328
1.2324
1.2337
1.2319
1.2324
1.233
1.2331
1.2328
1.233
1.2325
1.2327
1.2313
1.2304
1.2299
1.232
1.233
1.2326
1.2329
1.232
1.2313
1.2313
1.2315
1.2312
1.2326
1.2325
1.2326
1.2325
1.2325
1.2326
1.2333
1.233
1.2332
1.2344
1.2355
1.2355
1.2347
1.2357
1.2365
1.2367
1.2375
1.2381
1.2382
1.2367
1.2377
1.2401
1.2402
1.2406
1.2392
1.24
1.2444
1.2457
1.2438
1.2445
1.2449
1.2492
1.2481
1.2507
1.2508
1.2493
1.2511
1.2501
1.2488
1.2491
1.2477
1.246
1.2451
1.2461
1.245
1.2445
1.2461
1.249
1.2496
1.2497
1.2523
1.2518
1.2523
1.2499
1.2473
1.2448
1.2481
1.2485
1.2466
1.2472
1.2458
1.2475
1.2479
1.2466
1.2482
1.2486
1.2493
1.2473
1.246
1.2464
1.2453
1.2477
1.2463
1.2461
1.2463
1.2476
1.245
1.2465
1.2476
1.2498
1.2479
1.2494
1.2502
1.2535
1.2521
1.2519
1.2416
1.2511
1.2523
1.2558
1.2602
1.2651
1.271
1.2784
1.2675
1.2748
1.2735
1.2697
1.2762
1.2767
1.2767
1.2743
1.2773
1.2774
1.2791
1.2793
1.2792
1.2766
1.2745
1.2778
1.2799
1.2788
1.2791
1.2797
1.2785
1.2778
1.2785
1.2787
1.2804
1.2799
1.2805
1.2813
1.2809
1.2812
1.2811
1.2792
1.2789
1.281
1.2845
1.2903
1.2943
1.2888
1.2917
1.2944
1.2964
1.2951
1.2975
1.2942
1.2943
1.294
1.2943
1.2942
1.2956
1.2943
1.295
1.2952
1.2972
1.2948
1.2954
1.2944
1.2946
1.294
1.2961
1.301
1.2995
1.3006
1.3009
1.3018
1.301
1.301
1.3007
1.3
1.3008
1.3005
1.301
1.3033
1.3076
1.3104
1.3117
1.3154
1.316
1.3199
1.3165
1.3192
1.327
1.3265
1.3287
1.3277
1.3338
1.3348
1.3273
1.3271
1.3305
1.3316
1.3285
1.3278
1.3254
1.3193
1.3141
1.312
1.3146
1.3154
1.3115
1.3089
1.306
1.3073
1.3083
1.3056
1.3039
1.3095
1.3081
1.3069
1.3064
1.3043
1.304
1.3045
1.3018
1.3022
1.3004
1.2991
1.2976
1.2995
1.301
1.2989
1.2991
1.2974
1.2995
1.3044
1.3055
1.3155
1.3125
1.3163
1.3141
1.3161
1.3142
1.3185
1.318
1.3173
1.3199
1.3166
1.3159
1.3178
1.3178
1.318
1.3183
1.3172
1.3146
1.3119
1.3143
1.3187
1.3195
1.3167
1.3176
1.3195
1.3237
1.3264
1.3272
1.3284
1.3228
1.321
1.317
1.3157
1.3152
1.318
1.3189
1.3177
1.315
1.312
1.312
1.3092
1.3113
1.3143
1.3163
1.3153
1.3166
1.3162
1.3153
1.3168
1.3186
1.3176
1.3178
1.3194
1.3211
1.3236
1.3223
1.3242
1.3251
1.3218
1.3216
1.3208
1.3211
1.322
1.319
1.3206
1.3214
1.3207
1.3202
1.3176
1.3194
1.3184
1.3158
1.3164
1.317
1.3206
1.3207
1.3217
1.3227
1.3209
1.3209
1.3217
1.3209
1.3202
1.3212
1.3214
1.3248
1.3246
1.3246
1.3272
1.3273
1.3242
1.326
1.3241
1.3249
1.326
1.3268
1.3271
1.3272
1.3279
1.3333
1.335
1.335
1.3363
1.336
1.3391
1.3408
1.3407
1.3398
1.3469
1.352
1.368
1.3875
1.4025
1.3985
1.382
1.3835
1.3885
1.395
1.3982
1.4005
1.398
1.4004
1.3885
1.3865
1.3885
1.3895
1.3875
1.382
1.3752
1.376
1.369
1.3775
1.383
1.377
1.365
1.3705
1.3675
1.368
1.3742
1.372
1.3775
1.3745
1.3725
1.372
1.3743
1.3665
1.3645
1.363
1.36
1.3575
1.3525
1.3509
1.3525
1.358
1.3685
1.3668
1.366
1.3683
1.367
1.3688
1.3735
1.3815
1.3815
1.3812
1.3855
1.3788
1.3772
1.3746
1.3745
1.3735
1.3721
1.3717
1.3677
1.3717
1.3695
1.3717
1.3759
1.3787
1.3815
1.3775
1.3745
1.3663
1.3685
1.3707
1.3705
1.372
1.3738
1.3713
1.3695
1.3722
1.3678
1.371
1.367
1.3645
1.3645
1.3662
1.3653
1.3648
1.3628
1.364
1.3592
1.3575
1.3575
1.3568
1.3575
1.3574
1.3546
1.3525
1.3537
1.3525
1.3505
1.3519
1.3473
1.3485
1.3481
1.3514
1.3482
1.353
1.3512
1.3522
1.3493
1.3511
1.354
1.354
1.3523
1.3526
1.3582
1.3618
1.361
1.361
1.3588
1.3578
1.3571
1.3545
1.3537
1.356
1.3552
1.355
1.3547
1.3547
1.3578
1.3613
1.3601
1.3621
1.3659
1.3704
1.3688
1.3689
1.3702
1.3711
1.3716
1.3726
1.3734
1.3726
1.3743
1.3761
1.3787
1.38
1.3759
1.3665
1.361
1.3603
1.359
1.3643
1.371
1.3707
1.3643
1.366
1.3675
1.368
1.367
1.3651
1.3684
1.3674
1.3703
1.371
1.3664
1.3651
1.3634
1.3652
1.3642
1.366
1.3672
1.3665
1.3651
1.3663
1.3668
1.367
1.3695
1.3745
1.3763
1.3747
1.3769
1.379
1.3798
1.3782
1.3769
1.3764
1.3756
1.3778
1.3769
1.3758
1.3776
1.3778
1.3781
1.384
1.3895
1.3912
1.389
1.3943
1.3957
1.3985
1.398
1.3922
1.3893
1.3905
1.3936
1.3955
1.3957
1.398
1.3962
1.3983
1.4
1.401
1.4
1.3995
1.3985
1.401
1.4035
1.407
1.3993
1.4015
1.398
1.3937
1.4025
1.403
1.4067
1.404
1.4007
1.4059
1.4048
1.4059
1.4133
1.4155
1.4206
1.4156
1.4208
1.4233
1.432
1.438
1.428
1.409
1.4068
1.396
1.3985
1.399
1.4025
1.397
1.3963
1.3922
1.3895
1.3882
1.3878
1.3925
1.3951
1.41
1.423
1.4245
1.423
1.411
1.4138
1.4075
1.397
1.3995
1.398
1.3969
1.3895
1.3895
1.3885
1.389
1.397
1.3978
1.4007
1.4025
1.4025
1.397
1.3969
1.397
1.3923
1.3925
1.393
1.3903
1.3863
1.384
1.3829
1.3885
1.391
1.4
1.3923
1.39
1.3908
1.3864
1.3852
1.3895
1.3952
1.3871
1.384
1.3785
1.3795
1.3738
1.3775
1.3795
1.3755
1.378
1.38
1.3775
1.38
1.3802
1.379
1.378
1.3755
1.376
1.377
1.3715
1.3665
1.364
1.368
1.3747
1.3755
1.3765
1.3797
1.3893
1.3928
1.393
1.393
1.3967
1.3927
1.3898
1.3888
1.3872
1.384
1.386
1.3908
1.3917
1.3947
1.3875
1.388
1.3862
1.386
1.3945
1.3885
1.387
1.3802
1.3785
1.378
1.38
1.3817
1.3817
1.3779
1.3782
1.3769
1.3745
1.376
1.375
1.3753
1.3762
1.3839
1.3898
1.3885
1.3872
1.388
1.3875
1.3839
1.3795
1.3807
1.382
1.38
1.3825
1.3813
1.386
1.3858
1.39
1.3885
1.3856
1.3892
1.394
1.3945
1.391
1.39
1.391
1.394
1.3957
1.3965
1.3925
1.3881
1.3862
1.3867
1.3879
1.3862
1.385
1.3815
1.3871
1.3885
1.3865
1.386
1.3874
1.3907
1.3865
1.388
1.387
1.3875
1.388
1.3896
1.3888
1.3884
1.3888
1.388
1.388
1.3865
1.3855
1.387
1.3863
1.387
1.387
1.3887
1.3893
1.3893
1.3903
1.3917
1.391
1.3904
1.3887
1.3881
1.3878
1.3884
1.3886
1.3884
1.3905
1.3913
1.3905
1.3885
1.3876
1.3885
1.3879
1.3858
1.3844
1.3843
1.3852
1.3832
1.3836
1.3852
1.387
1.3859
1.3858
1.3853
1.384
1.3825
1.3828
1.3836
1.3813
1.3792
1.3775
1.3775
1.3793
1.3809
1.3785
1.3795
1.3793
1.379
1.3797
1.3794
1.378
1.3776
1.3784
1.382
1.3816
1.3831
1.381
1.3785
1.3758
1.3744
1.3718
1.3711
1.3702
1.3662
1.3661
1.3635
1.363
1.3633
1.3589
1.357
1.3573
1.359
1.3521
1.3436
1.3382
1.342
1.339
1.334
1.333
1.326
1.3315
1.3341
1.336
1.336
1.3438
1.3455
1.3425
1.33
1.3308
1.3325
1.3303
1.3324
1.331
1.3305
1.3324
1.3332
1.3316
1.3327
1.3328
1.3342
1.333
1.3348
1.3352
1.327
1.3211
1.3213
1.3165
1.3129
1.3133
1.3155
1.3088
1.3085
1.3078
1.3114
1.3085
1.3065
1.3087
1.3053
1.3097
1.3073
1.308
1.3077
1.3057
1.3077
1.3028
1.3023
1.3028
1.3195
1.3247
1.3185
1.32
1.3183
1.322
1.3305
1.3317
1.3363
1.338
1.3354
1.3363
1.3371
1.338
1.3447
1.342
1.3363
1.3365
1.337
1.335
1.3358
1.3393
1.3391
1.3403
1.3406
1.3406
1.346
1.348
1.3482
1.3445
1.3467
1.344
1.3388
1.338
1.3422
1.3435
1.3414
1.3437
1.3433
1.3427
1.3394
1.3423
1.3398
1.3412
1.341
1.3407
1.3415
1.3393
1.3353
1.334
1.3337
1.3303
1.3327
1.3337
1.3315
1.3305
1.3303
1.3279
1.3282
1.3232
1.3245
1.3235
1.3211
1.3199
1.3179
1.3236
1.3217
1.3188
1.3189
1.3213
1.3212
1.3292
1.3388
1.3348
1.3334
1.3325
1.3326
1.328
1.3241
1.3258
1.3251
1.3231
1.3262
1.3287
1.3298
1.3315
1.3294
1.3312
1.3311
1.3317
1.3308
1.3271
1.325
1.3213
1.3195
1.3223
1.317
1.3183
1.3196
1.3173
1.3155
1.3142
1.3142
1.313
1.3204
1.3215
1.3183
1.3184
1.3153
1.3178
1.3155
1.3136
1.315
1.3178
1.3174
1.316
1.3123
1.3114
1.31
1.3095
1.307
1.3085
1.309
1.3049
1.3052
1.304
1.307
1.306
1.306
1.3009
1.2985
1.2966
1.3192
1.3145
1.3167
1.314
1.3155
1.3183
1.3185
1.318
1.3162
1.3145
1.322
1.3236
1.3315
1.3205
1.3204
1.32
1.3175
1.319
1.3177
1.3172
1.315
1.3107
1.3137
1.3115
1.315
1.31
1.3091
1.3081
1.3138
1.3134
1.3117
1.3108
1.3112
1.3097
1.3075
1.3055
1.3056
1.3077
1.3074
1.3086
1.306
1.3065
1.3074
1.3058
1.3068
1.307
1.3037
1.3053
1.3033
1.3002
1.299
1.2965
1.2894
1.2878
1.2854
1.2897
1.286
1.2888
1.2911
1.2862
1.287
1.2825
1.2827
1.2798
1.2802
1.2805
1.2789
1.2768
1.276
1.2741
1.275
1.275
1.2712
1.2676
1.2659
1.2664
1.2695
1.2665
1.2625
1.2682
1.2656
1.2684
1.2708
1.2738
1.2706
1.2647
1.2645
1.2634
1.2606
1.257
1.2558
1.2535
1.2559
1.256
1.2536
1.2535
1.2568
1.2563
1.2575
1.2562
1.2515
1.2495
1.249
1.2492
1.2472
1.2437
1.2428
1.2437
1.2373
1.236
1.2364
1.2342
1.2348
1.2366
1.2395
1.2406
1.245
1.248
1.2396
1.237
1.2384
1.2365
1.2335
1.2324
1.234
1.2285
1.2337
1.233
1.2318
1.229
1.2285
1.2315
1.2292
1.2314
1.2347
1.2355
1.2332
1.2379
1.2396
1.2384
1.2322
1.2313
1.2338
1.2335
1.236
1.2409
1.2434
1.2423
1.2431
1.2415
1.2433
1.2375
1.24
1.2339
1.2325
1.233
1.231
1.2325
1.2307
1.2228
1.2214
1.2195
1.2207
1.218
1.2158
1.2138
1.213
1.2096
1.2082
1.2105
1.2041
1.2028
1.2076
1.21
1.2176
1.213
1.221
1.2136
1.2071
1.2053
1.2097
1.2085
1.2102
1.2086
1.2085
1.212
1.2097
1.2014
1.1956
1.1975
1.1985
1.2075
1.209
1.2074
1.2089
1.2107
1.2077
1.2065
1.203
1.203
1.2055
1.2105
1.2155
1.226
1.223
1.2198
1.2236
1.2278
1.2324
1.2302
1.2272
1.2293
1.2305
1.232
1.2345
1.2373
1.24
1.2388
1.24
1.237
1.2372
1.2338
1.239
1.2391
1.2398
1.2385
1.231
1.2227
1.2238
1.2235
1.2195
1.2205
1.2183
1.2186
1.222
1.2215
1.2186
1.2207
1.2176
1.2173
1.2105
1.2099
1.2075
1.2115
1.2077
1.209
1.2105
1.2086
1.205
1.2049
1.1998
1.2
1.1991
1.202
1.1975
1.2
1.1991
1.2041
1.2039
1.2197
1.2282
1.227
1.2213
1.2227
1.2372
1.2352
1.2324
1.2258
1.2298
1.235
1.231
1.2339
1.2345
1.2117
1.202
1.2
1.1907
1.1915
1.1941
1.1878
1.1873
1.1875
1.1858
1.1896
1.2005
1.1936
1.1972
1.1985
1.1997
1.2003
1.2056
1.205
1.2001
1.2008
1.2006
1.1958
1.1965
1.1965
1.195
1.1925
1.1928
1.1907
1.1921
1.1895
1.1952
1.197
1.2009
1.2008
1.1967
1.1988
1.198
1.194
1.1895
1.1879
1.1885
1.187
1.1857
1.1823
1.1877
1.181
1.1835
1.1894
1.1881
1.1858
1.1832
1.1822
1.185
1.184
1.186
1.1865
1.184
1.1805
1.186
1.1895
1.1899
1.1958
1.1958
1.1987
1.2035
1.199
1.1997
1.1935
1.196
1.1935
1.1987
1.2014
1.201
1.1988
1.1982
1.1945
1.1949
1.1965
1.197
1.1946
1.1922
1.1898
1.1895
1.192
1.1935
1.1949
1.1953
1.1945
1.1936
1.1899
1.1875
1.1899
1.1941
1.193
1.1902
1.1895
1.189
1.1883
1.1876
1.1853
1.1847
1.187
1.1845
1.1865
1.189
1.189
1.1902
1.1935
1.1865
1.1867
1.1839
1.1836
1.1842
1.1838
1.1858
1.1877
1.185
1.1867
1.187
1.191
1.1893
1.1925
1.1928
1.1911
1.1958
1.198
1.2005
1.208
1.2055
1.2102
1.2062
1.207
1.2066
1.2005
1.2018
1.1973
1.1976
1.2
1.2027
1.201
1.1992
1.1993
1.1975
1.199
1.1994
1.197
1.1923
1.1913
1.194
1.1942
1.1967
1.1953
1.1985
1.1948
1.1915
1.1919
1.191
1.1886
1.1903
1.1901
1.193
1.1918
1.191
1.1911
1.1892
1.1876
1.188
1.1888
1.188
1.187
1.1832
1.185
1.1809
1.1747
1.1757
1.1718
1.177
1.174
1.1722
1.1713
1.1724
1.176
1.178
1.1826
1.179
1.1825
1.184
1.1745
1.1729
1.1762
1.1768
1.1735
1.1723
1.1727
1.1765
1.1763
1.182
1.1814
1.18
1.1843
1.1878
1.1874
1.1893
1.1859
1.185
1.1882
1.184
1.1836
1.1828
1.1845
1.1808
1.1775
1.1745
1.1777
1.1805
1.1789
1.1776
1.1764
1.1749
1.1753
1.1765
1.1734
1.1758
1.1755
1.1745
1.1767
1.1759
1.1739
1.1743
1.1735
1.1725
1.1723
1.1747
1.1752
1.1754
1.1747
1.1741
1.1743
1.1727
1.1725
1.1714
1.171
1.1698
1.1678
1.1697
1.1678
1.1705
1.173
1.1698
1.1697
1.1715
1.1703
1.1705
1.1675
1.1675
1.1678
1.166
1.1633
1.1663
1.1646
1.1631
1.1607
1.1627
1.1617
1.1635
1.163
1.1595
1.163
1.1605
1.1611
1.1612
1.162
1.1607
1.1595
1.1598
1.1589
1.157
1.158
1.1605
1.1613
1.1614
1.16
1.1601
1.1614
1.1589
1.157
1.1571
1.165
1.164
1.1713
1.179
1.183
1.178
1.1855
1.1905
1.1939
1.1885
1.1906
1.1858
1.1864
1.1887
1.1899
1.1879
1.1935
1.1971
1.1956
1.2024
1.1999
1.2068
1.206
1.199
1.202
1.2013
1.1945
1.197
1.198
1.1948
1.1923
1.1902
1.194
1.1906
1.187
1.1851
1.1795
1.1793
1.179
1.1778
1.1745
1.178
1.1803
1.1837
1.1793
1.1768
1.1767
1.175
1.1759
1.176
1.1762
1.1743
1.1705
1.1695
1.1662
1.1673
1.1686
1.1655
1.1617
1.1615
1.1652
1.1631
1.165
1.167
1.1683
1.1623
1.1619
1.1628
1.161
1.1593
1.1608
1.1602
1.1634
1.1654
1.1648
1.1673
1.167
1.1633
1.1625
1.1635
1.1662
1.1653
1.1785
1.177
1.181
1.1757
1.1738
1.1783
1.1795
1.1922
1.1836
1.1855
1.1841
1.1818
1.178
1.1745
1.1726
1.1766
1.1757
1.1728
1.1683
1.175
1.1711
1.1715
1.1722
1.1705
1.172
1.1727
1.1741
1.1724
1.1749
1.1822
1.1794
1.1732
1.1705
1.1698
1.1665
1.1619
1.1625
1.1632
1.1632
1.1592
1.1572
1.1597
1.1593
1.1579
1.1589
1.1563
1.153
1.1538
1.1573
1.157
1.156
1.152
1.1517
1.1522
1.1523
1.153
1.1535
1.1523
1.1515
1.1485
1.1503
1.149
1.147
1.1475
1.147
1.1454
1.1435
1.1482
1.1445
1.1438
1.1395
1.1365
1.1316
1.1338
1.1372
1.1422
1.1378
1.1455
1.1545
1.1615
1.1529
1.1579
1.1635
1.1705
1.163
1.1628
1.1644
1.1647
1.1594
1.1575
1.1575
1.1546
1.1532
1.1503
1.1495
1.1534
1.1553
1.1565
1.1529
1.153
1.1517
1.1489
1.1545
1.151
1.15
1.1514
1.1472
1.1523
1.1555
1.1647
1.1748
1.167
1.1733
1.171
1.1688
1.168
1.1655
1.1642
1.167
1.1678
1.1652
1.1655
1.1587
1.1611
1.1628
1.169
1.17
1.1658
1.1645
1.1621
1.164
1.1631
1.16
1.1592
1.1593
1.16
1.1635
1.1652
1.1648
1.1658
1.1655
1.1638
1.163
1.1623
1.159
1.157
1.1589
1.1602
1.16
1.1599
1.1575
1.1566
1.1593
1.159
1.16
1.1604
1.16
1.1612
1.1612
1.1605
1.1574
1.153
1.1513
1.1533
1.1515
1.1559
1.1526
1.153
1.1485
1.1485
1.1486
1.1554
1.1588
1.1615
1.1588
1.1589
1.1645
1.1621
1.1597
1.1605
1.1629
1.1608
1.1582
1.1595
1.158
1.1597
1.1585
1.1568
1.1534
1.1533
1.154
1.1545
1.154
1.1534
1.1515
1.152
1.1521
1.1516
1.1518
1.1499
1.1531
1.1557
1.1549
1.1599
1.1602
1.1619
1.1557
1.1551
1.1542
1.1538
1.1553
1.1533
1.1558
1.1584
1.156
1.1576
1.1605
1.1598
1.1608
1.1588
1.1595
1.1585
1.156
1.1557
1.1557
1.1538
1.154
1.1527
1.1522
1.1498
1.1508
1.1498
1.1488
1.1509
1.1525
1.155
1.1595
1.1563
1.155
1.153
1.1519
1.1534
1.152
1.152
1.1497
1.1515
1.1515
1.1508
1.152
1.153
1.1514
1.1503
1.1511
1.1501
1.149
1.1507
1.1496
1.1488
1.1492
1.1509
1.1495
1.1464
1.1472
1.1468
1.1453
1.1451
1.1445
1.1455
1.1465
1.1475
1.1474
1.1452
1.1445
1.1445
1.1431
1.143
1.1425
1.1424
1.1418
1.1427
1.143
1.1419
1.1418
1.1426
1.1424
1.143
1.1433
1.1428
1.1438
1.1445
1.1475
1.148
1.1493
1.1483
1.1465
1.1463
1.1474
1.1545
1.16
1.1567
1.1568
1.1525
1.152
1.1498
1.1491
1.1513
1.1519
1.1503
1.151
1.1498
1.1487
1.1475
1.1467
1.1468
1.1469
1.146
1.1444
1.1434
1.1443
1.1443
1.1421
1.1438
1.1435
1.144
1.1445
1.1417
1.1408
1.1406
1.1422
1.1407
1.1417
1.141
1.1395
1.1391
1.1406
1.1378
1.1371
1.1361
1.1358
1.1365
1.1369
1.1365
1.1355
1.1345
1.134
1.1345
1.1352
1.1343
1.1318
1.1315
1.131
1.1313
1.1319
1.1295
1.1285
1.129
1.1305
1.1294
1.1298
1.1307
1.1289
1.128
1.127
1.1267
1.1275
1.1254
1.1256
1.1235
1.1232
1.1228
1.123
1.1203
1.121
1.1208
1.124
1.1212
1.126
1.1316
1.1318
1.1321
1.1307
1.128
1.1287
1.1359
1.1358
1.1378
1.1396
1.136
1.137
1.135
1.1335
1.1342
1.1354
1.137
1.1368
1.1361
1.1364
1.1407
1.1421
1.1424
1.1437
1.1455
1.1468
1.1573
1.155
1.1601
1.1609
1.1613
1.1603
1.1584
1.1558
1.1515
1.1473
1.1433
1.142
1.1428
1.149
1.1543
1.149
1.1488
1.1563
1.1533
1.1532
1.1538
1.1549
1.1583
1.1675
1.1731
1.1743
1.1723
1.178
1.1752
1.1731
1.1808
1.1793
1.179
1.1788
1.1767
1.1825
1.1822
1.1852
1.187
1.1895
1.1879
1.185
1.1842
1.1873
1.1859
1.1808
1.1795
1.182
1.1847
1.1907
1.1923
1.1905
1.1885
1.1928
1.1954
1.1943
1.1948
1.199
1.2002
1.197
1.1933
1.1968
1.1985
1.193
1.192
1.1891
1.1898
1.1888
1.1907
1.1902
1.1915
1.193
1.1893
1.1878
1.188
1.1893
1.1884
1.1867
1.1863
1.1818
1.1799
1.1823
1.182
1.18
1.18
1.1863
1.1858
1.1856
1.194
1.1954
1.1941
1.196
1.1888
1.1905
1.1915
1.1967
1.1988
1.2
1.2063
1.2045
1.2052
1.2025
1.2028
1.1978
1.1959
1.196
1.196
1.1955
1.2019
1.202
1.204
1.2048
1.2048
1.2035
1.2003
1.1975
1.1926
1.194
1.1935
1.195
1.1933
1.1916
1.1925
1.196
1.1963
1.1975
1.1981
1.1948
1.197
1.1967
1.1943
1.193
1.1935
1.1972
1.2011
1.2025
1.2025
1.1998
1.1965
1.1915
1.194
1.1922
1.1928
1.1936
1.1928
1.1909
1.19
1.1893
1.1928
1.1905
1.1885
1.1915
1.189
1.1884
1.1875
1.1831
1.1845
1.1842
1.1854
1.183
1.1865
1.183
1.1883
1.1859
1.1912
1.1919
1.1933
1.195
1.1973
1.1978
1.1927
1.1923
1.1904
1.1899
1.1909
1.195
1.1965
1.1952
1.1943
1.197
1.1985
1.199
1.2043
1.216
1.22
1.2218
1.2118
1.219
1.222
1.2176
1.2165
1.231
1.2312
1.2424
1.2415
1.2396
1.2465
1.254
1.248
1.2436
1.255
1.2469
1.2474
1.2487
1.2466
1.2505
1.2455
1.2485
1.2495
1.2474
1.2467
1.238
1.238
1.2425
1.2469
1.2495
1.2372
1.24
1.2425
1.2405
1.2415
1.2418
1.246
1.248
1.2523
1.2595
1.2643
1.2635
1.264
1.27
1.275
1.2755
1.273
1.2785
1.285
1.2885
1.2832
1.2855
1.2861
1.2857
1.2815
1.277
1.2782
1.276
1.2749
1.2735
1.2718
1.2765
1.2746
1.2772
1.2787
1.2748
1.2756
1.2675
1.2613
1.2605
1.2612
1.2617
1.266
1.2687
1.2714
1.2782
1.2768
1.2782
1.2798
1.2825
1.2755
1.2783
1.2821
1.2785
1.2822
1.2769
1.2805
1.2875
1.2822
1.2789
1.2712
1.2701
1.2709
1.27
1.264
1.2627
1.2663
1.263
1.2611
1.2641
1.2682
1.2659
1.2563
1.2554
1.2564
1.2617
1.26
1.257
1.262
1.255
1.2619
1.2535
1.2498
1.2498
1.248
1.2469
1.2428
1.2475
1.2435
1.2462
1.2458
1.2446
1.2435
1.2465
1.2505
1.2518
1.2472
1.2455
1.2453
1.2483
1.2446
1.244
1.2449
1.2468
1.2514
1.2573
1.2585
1.2605
1.262
1.2595
1.2614
1.258
1.2597
1.2607
1.2613
1.2634
1.261
1.259
1.2562
1.2567
1.258
1.262
1.2615
1.2585
1.2715
1.2732
1.2724
1.2702
1.2675
1.2727
1.2763
1.2707
1.2711
1.2685
1.2749
1.2747
1.2727
1.2743
1.2757
1.273
1.2675
1.2683
1.2665
1.2622
1.2606
1.2645
1.2637
1.2707
1.2722
1.2714
1.2746
1.2775
1.2785
1.283
1.2806
1.2791
1.28
1.2815
1.2796
1.2804
1.2771
1.2749
1.2738
1.2785
1.2807
1.2825
1.283
1.2836
1.2815
1.2823
1.2886
1.2887
1.2857
1.2847
1.2804
1.2765
1.279
1.2783
1.2834
1.2819
1.2798
1.2784
1.2784
1.2772
1.2795
1.2799
1.2814
1.284
1.2836
1.2875
1.2844
1.2873
1.291
1.2879
1.2895
1.2908
1.2914
1.2918
1.3008
1.3099
1.315
1.3152
1.3143
1.32
1.3185
1.32
1.32
1.3194
1.3145
1.316
1.3218
1.3204
1.3208
1.3227
1.327
1.3284
1.3243
1.319
1.3163
1.3145
1.3162
1.3218
1.313
1.3147
1.314
1.322
1.3232
1.319
1.3225
1.3195
1.3243
1.3237
1.3289
1.336
1.339
1.339
1.3386
1.3355
1.333
1.3317
1.3312
1.3293
1.3267
1.3317
1.3275
1.3253
1.322
1.317
1.305
1.3095
1.3207
1.3184
1.3227
1.322
1.316
1.3058
1.3092
1.3048
1.2935
1.2963
1.3073
1.3086
1.3135
1.3207
1.319
1.3163
1.3227
1.3278
1.33
1.327
1.3293
1.3288
1.3349
1.3372
1.3333
1.3309
1.329
1.3267
1.3227
1.323
1.3248
1.3293
1.3292
1.334
1.3332
1.3317
1.3387
1.3443
1.3442
1.3345
1.3265
1.3265
1.328
1.329
1.3335
1.329
1.3255
1.3155
1.3173
1.318
1.3215
1.3235
1.3181
1.3219
1.3208
1.3209
1.3205
1.3157
1.311
1.3103
1.3115
1.311
1.3117
1.3133
1.3115
1.324
1.327
1.3308
1.3277
1.3278
1.3343
1.3418
1.3423
1.3447
1.3416
1.343
1.3536
1.3546
1.3508
1.3406
1.3387
1.3425
1.34
1.3475
1.3516
1.3522
1.3498
1.3534
1.3561
1.3575
1.3569
1.3573
1.3522
1.3577
1.3617
1.36
1.364
1.3623
1.3656
1.3695
1.3642
1.3665
1.364
1.3726
1.3753
1.3748
1.3775
1.3794
1.3838
1.389
1.3954
1.3841
1.384
1.3865
1.3817
1.388
1.3795
1.3763
1.3797
1.3851
1.3887
1.3865
1.3858
1.3812
1.3785
1.3815
1.3733
1.3753
1.3805
1.3818
1.383
1.384
1.3863
1.3847
1.3836
1.3797
1.3784
1.3781
1.3808
1.3785
1.3756
1.379
1.3778
1.3738
1.3768
1.379
1.3786
1.3825
1.3865
1.3864
1.3845
1.386
1.3855
1.3831
1.3745
1.371
1.3756
1.374
1.3745
1.3812
1.386
1.3882
1.3928
1.3925
1.394
1.3805
1.385
1.3853
1.3898
1.3875
1.3864
1.384
1.3825
1.3822
1.3891
1.3849
1.3885
1.3903
1.391
1.3837
1.3814
1.382
1.379
1.378
1.38
1.3815
1.3785
1.378
1.3787
1.3807
1.3797
1.3808
1.3835
1.3885
1.3896
1.3883
1.3869
1.3882
1.38
1.3747
1.3753
1.378
1.3819
1.3802
1.3796
1.3768
1.3792
1.3757
1.3755
1.3775
1.3746
1.373
1.37
1.3693
1.3673
1.3712
1.3682
1.3665
1.368
1.3685
1.371
1.3674
1.3662
1.3537
1.3516
1.354
1.3515
1.3517
1.3443
1.343
1.3433
1.3458
1.3473
1.3478
1.341
1.3425
1.341
1.3457
1.345
1.3472
1.3477
1.3485
1.3438
1.3477
1.3488
1.354
1.3565
1.355
1.3548
1.355
1.3543
1.3525
1.3495
1.3475
1.349
1.3502
1.3527
1.3545
1.3555
1.3573
1.3576
1.3556
1.3575
1.3535
1.3588
1.3578
1.3632
1.365
1.3654
1.3675
1.3669
1.3762
1.3735
1.3761
1.3785
1.3777
1.3752
1.3754
1.372
1.3732
1.3732
1.3799
1.3835
1.3848
1.386
1.3872
1.3875
1.3875
1.3885
1.3941
1.3946
1.3945
1.3985
1.3991
1.4005
1.4035
1.4078
1.403
1.4035
1.403
1.4005
1.4008
1.406
1.4123
1.414
1.4165
1.4112
1.4215
1.4217
1.422
1.4238
1.4195
1.4148
1.4149
1.4148
1.4152
1.4193
1.4092
1.4109
1.4065
1.4029
1.3985
1.3955
1.395
1.3988
1.402
1.4028
1.3995
1.4047
1.41
1.4055
1.3995
1.3987
1.3943
1.394
1.3965
1.3937
1.3965
1.404
1.4015
1.4179
1.4215
1.4088
1.4132
1.4091
1.4121
1.417
1.4158
1.4142
1.4178
1.4085
1.402
1.4026
1.4065
1.4015
1.4015
1.4033
1.4037
1.3987
1.3993
1.399
1.3943
1.3923
1.3998
1.3918
1.3841
1.3796
1.3777
1.3737
1.369
1.3663
1.3697
1.3711
1.3708
1.3683
1.3655
1.365
1.363
1.3633
1.3597
1.3555
1.3576
1.3645
1.3645
1.354
1.3581
1.3578
1.3568
1.352
1.3535
1.3592
1.3562
1.3572
1.357
1.357
1.365
1.365
1.3653
1.3695
1.373
1.3707
1.3698
1.373
1.3757
1.3772
1.381
1.3805
1.3738
1.3769
1.3798
1.3843
1.3815
1.377
1.3825
1.3813
1.3798
1.376
1.3763
1.3743
1.3725
1.376
1.3755
1.3765
1.3738
1.3723
1.3703
1.3693
1.364
1.3518
1.3541
1.3555
1.3592
1.3593
1.3561
1.3605
1.3602
1.3635
1.3598
1.359
1.3558
1.358
1.3608
1.3644
1.3695
1.3667
1.357
1.3589
1.3562
1.3574
1.3565
1.3605
1.358
1.359
1.3632
1.3607
1.359
1.359
1.3593
1.3592
1.3578
1.3585
1.3565
1.3461
1.3405
1.3395
1.3373
1.3432
1.3435
1.343
1.3393
1.339
1.3446
1.3433
1.3455
1.3545
1.3693
1.366
1.3635
1.3588
1.361
1.3575
1.3525
1.3464
1.346
1.3495
1.351
1.3445
1.3394
1.3285
1.3312
1.3355
1.3318
1.3358
1.3375
1.3388
1.3374
1.3375
1.3387
1.3391
1.337
1.35
1.3685
1.3705
1.3665
1.366
1.3704
1.362
1.3401
1.3478
1.3428
1.3477
1.3515
1.359
1.3575
1.356
1.3523
1.351
1.3537
1.3557
1.356
1.3521
1.3515
1.353
1.353
1.3542
1.3523
1.3565
1.3585
1.3587
1.366
1.3662
1.3672
1.3658
1.3685
1.3756
1.3802
1.3774
1.3764
1.3745
1.3745
1.3761
1.377
1.3675
1.362
1.3637
1.3613
1.3601
1.3605
1.3655
1.3577
1.353
1.3541
1.3573
1.3609
1.3616
1.3649
1.3645
1.3625
1.3667
1.369
1.364
1.3652
1.369
1.371
1.3705
1.3768
1.3822
1.3815
1.3775
1.3743
1.3738
1.3749
1.378
1.3735
1.3667
1.3697
1.3725
1.3728
1.3722
1.3789
1.3792
1.382
1.3815
1.3788
1.3757
1.3772
1.3752
1.3745
1.3745
1.3728
1.371
1.3716
1.3721
1.3717
1.3708
1.3668
1.367
1.3679
1.368
1.3678
1.364
1.3596
1.3591
1.3599
1.3613
1.3622
1.3627
1.3636
1.3635
1.3635
1.3635
1.3548
1.3559
1.357
1.3579
1.3569
1.3582
1.3588
1.3573
1.3566
1.3565
1.3563
1.3575
1.3565
1.3615
1.3619
1.3624
1.3623
1.362
1.3645
1.363
1.3628
1.3615
1.3626
1.3625
1.3631
1.3658
1.3665
1.3682
1.368
1.3666
1.3686
1.3692
1.3685
1.368
1.37
1.3737
1.3725
1.3726
1.3753
1.3746
1.3765
1.3718
1.3685
1.3704
1.3692
1.3691
1.366
1.3646
1.3669
1.364
1.3656
1.3668
1.369
1.3665
1.3664
1.369
1.3682
1.3676
1.3655
1.3618
1.36
1.3613
1.3628
1.3657
1.3635
1.3637
1.361
1.3683
1.3711
1.3695
1.369
1.3704
1.3695
1.3695
1.3717
1.3726
1.3678
1.3674
1.3676
1.3715
1.372
1.3726
1.3746
1.3724
1.3737
1.3747
1.3715
1.3755
1.3757
1.3745
1.3722
1.3723
1.3723
1.3715
1.3748
1.3745
1.3775
1.3741
1.3735
1.3735
1.374
1.3718
1.37
1.3709
1.3676
1.3665
1.3666
1.3685
1.3698
1.3699
1.3703
1.3737
1.373
1.371
1.3718
1.371
1.3703
1.3705
1.3711
1.3716
1.3713
1.368
1.3665
1.3679
1.367
1.3678
1.3632
1.362
1.3624
1.362
1.3609
1.3553
1.3538
1.3549
1.3548
1.3516
1.3526
1.3539
1.3555
1.3522
1.3493
1.3475
1.3448
1.3439
1.3457
1.3445
1.3448
1.3454
1.3417
1.3409
1.3348
1.3359
1.333
1.331
1.3322
1.332
1.3352
1.3337
1.3343
1.3368
1.3419
1.3426
1.342
1.3393
1.3393
1.3413
1.3423
1.3466
1.3489
1.3515
1.3486
1.3525
1.3585
1.3595
1.3555
1.3569
1.3625
1.3569
1.3625
1.3662
1.3665
1.3671
1.3685
1.3675
1.3675
1.3657
1.3637
1.3697
1.3683
1.3697
1.3736
1.3742
1.3686
1.357
1.3533
1.3522
1.348
1.349
1.3505
1.3421
1.3392
1.3399
1.3385
1.3357
1.3417
1.3486
1.3443
1.3407
1.3455
1.3482
1.3474
1.3434
1.3431
1.343
1.3484
1.3493
1.3518
1.3558
1.3557
1.3531
1.3502
1.3575
1.359
1.3597
1.3625
1.3623
1.3612
1.366
1.3671
1.367
1.3675
1.37
1.3683
1.3649
1.368
1.371
1.3667
1.364
1.3633
1.3636
1.3694
1.3746
1.379
1.3795
1.3802
1.378
1.3779
1.3746
1.377
1.381
1.3835
1.3865
1.3877
1.3887
1.3923
1.3894
1.388
1.3882
1.3916
1.3976
1.3985
1.3967
1.3978
1.3975
1.3994
1.3978
1.3957
1.3942
1.3928
1.3966
1.3995
1.3979
1.3971
1.3895
1.3833
1.3813
1.3781
1.3817
1.3835
1.391
1.39
1.3862
1.3856
1.3791
1.3705
1.372
1.375
1.3667
1.3717
1.3751
1.3823
1.3843
1.3817
1.3798
1.3781
1.374
1.376
1.3764
1.384
1.3865
1.3862
1.387
1.3825
1.3804
1.3845
1.386
1.3873
1.3882
1.3925
1.3895
1.3916
1.3948
1.3817
1.3815
1.381
1.3803
1.377
1.3736
1.3762
1.3745
1.373
1.3736
1.3705
1.369
1.3708
1.3736
1.3781
1.3746
1.3746
1.3818
1.3812
1.3832
1.3848
1.3865
1.3855
1.3813
1.382
1.3891
1.3798
1.3815
1.3871
1.3875
1.3928
1.3933
1.3932
1.3926
1.3907
1.3903
1.3887
1.3951
1.3939
1.3955
1.3948
1.3917
1.3951
1.3917
1.3878
1.389
1.3845
1.3837
1.3858
1.3824
1.383
1.3845
1.3852
1.392
1.3935
1.3922
1.3914
1.3888
1.3911
1.3902
1.389
1.3903
1.3875
1.3842
1.3839
1.3848
1.3824
1.3791
1.3747
1.3713
1.3718
1.373
1.3727
1.3747
1.3795
1.3826
1.3865
1.387
1.386
1.385
1.389
1.3915
1.3895
1.392
1.3981
1.409
1.4015
1.4075
1.4099
1.4065
1.4039
1.4005
1.4025
1.4095
1.4071
1.409
1.4082
1.4127
1.4149
1.4145
1.4155
1.421
1.417
1.421
1.418
1.4245
1.4245
1.4245
1.4218
1.418
1.4227
1.423
1.4223
1.4224
1.4242
1.4241
1.4208
1.4212
1.4237
1.4229
1.4245
1.4328
1.4345
1.4364
1.4355
1.4356
1.4398
1.4365
1.4288
1.4255
1.4264
1.431
1.4297
1.4317
1.4255
1.4345
1.4362
1.4348
1.4369
1.4366
1.439
1.4437
1.4508
1.4556
1.4498
1.4545
1.4568
1.4637
1.4562
1.4529
1.4512
1.4471
1.4388
1.4285
1.4354
1.4295
1.4363
1.4383
1.4431
1.4405
1.4355
1.4235
1.4205
1.4246
1.4218
1.4232
1.4205
1.4236
1.425
1.4187
1.4222
1.4185
1.4185
1.4143
1.414
1.4075
1.4113
1.41
1.4138
1.4165
1.4189
1.418
1.4182
1.422
1.4198
1.4103
1.412
1.4147
1.4225
1.418
1.4175
1.4195
1.421
1.4185
1.4223
1.4246
1.4251
1.4266
1.432
1.4345
1.4395
1.4369
1.4295
1.428
1.431
1.4327
1.4345
1.436
1.4385
1.439
1.4376
1.4302
1.434
1.435
1.439
1.4391
1.44
1.4367
1.4335
1.4323
1.4448
1.448
1.4508
1.4497
1.4502
1.4498
1.4475
1.4496
1.4549
1.4568
1.4556
1.4571
1.4568
1.4543
1.453
1.4558
1.4586
1.4592
1.4602
1.4669
1.4701
1.4685
1.474
1.4708
1.4635
1.469
1.4695
1.4713
1.4698
1.47
1.4668
1.4693
1.4721
1.4717
1.4658
1.4686
1.4675
1.473
1.4732
1.4745
1.4768
1.48
1.4786
1.479
1.485
1.489
1.4885
1.488
1.4923
1.4957
1.4953
1.4979
1.504
1.5023
1.5039
1.5085
1.5112
1.5155
1.514
1.5155
1.5282
1.5219
1.5177
1.5213
1.5152
1.517
1.5186
1.5243
1.5285
1.5335
1.5305
1.542
1.5493
1.5507
1.563
1.577
1.5692
1.5745
1.5535
1.5385
1.5395
1.5265
1.5263
1.521
1.5145
1.513
1.5164
1.502
1.5038
1.5255
1.5295
1.5267
1.5295
1.528
1.512
1.5128
1.5106
1.5012
1.5262
1.5364
1.5505
1.557
1.552
1.5288
1.5435
1.546
1.5485
1.5465
1.5463
1.543
1.549
1.539
1.555
1.5433
1.5445
1.545
1.5395
1.542
1.5497
1.5432
1.5325
1.524
1.5247
1.5175
1.5315
1.535
1.546
1.5493
1.5525
1.555
1.5487
1.5557
1.55
1.5452
1.5472
1.5486
1.544
1.5366
1.5235
1.533
1.5368
1.5338
1.535
1.5374
1.5437
1.5435
1.5414
1.5422
1.5405
1.542
1.539
1.5422
1.5448
1.5494
1.553
1.5516
1.5515
1.5525
1.552
1.5492
1.5375
