-0.3642138
-0.3633779
-0.4137283
0.73226
-0.7278281
1.38413
-1.79437
0.725855
-0.9686154
-0.3831982
0.7502581
-0.2433036
-0.02442404
0.09509044
-1.646766
-2.165169
-1.421836
-0.06020381
-0.09848648
-1.744851
-1.917359
-2.449352
-2.965846
-3.108303
-2.701638
-0.8980012
-2.662923
-1.995286
-2.013409
-3.357779
0.8300122
-2.121193
-2.390173
-2.187064
-1.648832
-1.514122
-0.5702921
-1.645995
-0.9316765
-0.6413139
-1.881723
-1.920241
-1.233505
-0.7757273
-2.225729
-0.8540754
-1.581282
-2.21122
-2.390177
-2.674528
-0.730435
0.2503313
0.7079334
-0.8297578
-0.9268517
-1.642894
-2.285953
-2.012438
-2.717074
-2.644535
-2.381881
-1.615076
-0.3654401
-1.107922
-3.226309
-3.629649
-4.105065
-3.393969
-4.012182
-1.922801
-0.1629364
-2.541845
-3.672258
-1.467615
-0.7978644
-1.693054
-1.938584
-0.6723835
-2.596783
-2.34671
-0.676913
-1.505293
-1.455127
-1.698745
-1.276023
-0.705924
-2.113154
-3.142912
-2.949987
-1.967599
-1.741357
-1.691774
-3.232184
-0.4167466
-0.8485085
-1.711508
-3.545268
-2.797207
-3.697052
-2.316294
-1.993933
-1.105901
-4.501756
-2.39403
-4.806562
-2.261976
-3.24466
-3.261783
-2.579251
-3.125951
-3.485231
-1.957402
-2.110842
-4.131229
-1.644547
-2.391868
-3.013552
-2.546362
-1.325687
-9.262744
-3.566722
-4.829053
-3.298798
-2.687139
-3.905731
-3.697054
-3.696066
-1.558448
-4.2606
-3.570412
-1.584159
-2.308502
-4.258198
-4.71441
-2.749003
-2.164999
-3.625755
-3.837978
-4.039375
-5.118718
-4.280126
-3.404393
-4.100464
-3.044998
-2.885006
-1.90333
-3.234017
-3.413288
-3.072305
-2.223229
-2.993654
-3.261684
-4.204456
-4.147905
-1.557469
-2.722588
-3.174459
-3.718359
-3.32108
-3.390983
-2.957971
-4.195611
-4.472484
-2.890944
-2.169608
-2.123174
-3.34557
-2.771346
-3.126479
-4.705067
-1.450188
-1.298795
-3.095543
-1.912568
-1.842959
-1.735763
-1.692668
-2.697068
-1.174738
-2.410971
-1.494317
-4.49632
-3.292158
-2.348887
-2.236015
-4.101979
-4.116618
-2.206147
-2.072994
-2.83093
-2.009956
-1.943574
-2.017973
-1.527101
-0.4832744
-2.428691
-0.6462536
-1.210877
-0.6290311
-0.902441
-0.5293153
0.1442019
-1.612059
-1.58352
-1.501911
-0.9323209
-1.167185
-1.61056
-2.115305
-1.186668
0.1677453
-0.653521
-1.28857
-1.789479
0.3247284
-1.786454
0.0009919024
-0.3206498
-1.335916
-0.4952634
-0.7803104
-2.892383
-1.051278
-1.053907
-1.885825
-1.312036
-2.07848
-2.35948
-2.303687
-2.576085
-4.455334
-3.236367
-2.06742
-2.091193
-3.451778
-2.731148
-2.83607
-2.979324
-2.12474
-2.080629
-4.158833
-2.280854
-2.264398
-3.019698
-2.482447
-2.638627
-3.705843
-2.199899
-3.780492
-3.424383
-3.598628
-3.291384
-2.603733
-2.438782
-3.341514
-2.157834
-2.870853
-0.9955223
-1.647683
-2.891263
-1.647807
-2.186131
-1.945783
-1.753745
-3.188851
-1.235452
-1.636722
-2.586929
-2.669132
-3.443099
-3.16228
-3.274841
-4.189511
-4.061407
-3.799735
-4.014521
-3.490919
-2.768703
-3.212981
-2.82399
-3.371401
-3.776011
-2.418153
-2.884125
-3.097258
-3.118324
-2.776296
-2.764655
-3.970493
-2.686506
-1.843399
-3.565665
-3.47696
-0.9566713
-2.816714
-1.83284
-1.682415
-1.58994
-0.8789499
-1.335232
-3.258283
-2.929821
-2.142462
-1.214871
-0.6070574
-2.068126
-2.22363
-2.711556
-1.667237
-1.117163
-3.134475
-1.823884
-1.832963
-0.7618752
-1.902431
-1.393844
-0.766806
-2.351079
-1.306958
-0.8240299
-1.756279
-1.578432
-1.358883
-2.077965
-0.9654389
-2.327453
-2.54432
-1.940716
0.71233
-0.6641474
-1.737981
-0.6775989
-2.823567
-1.862759
-1.769736
-0.004922698
-3.048939
-2.01474
-0.6274287
-1.379421
-2.007261
-2.146933
-2.960591
-2.392302
-1.856624
-3.702345
-2.995132
-2.35619
-1.842499
-2.714671
-2.56722
-2.398546
-2.107351
-0.6700247
-1.388135
-1.357016
-1.043977
-3.050085
-1.865046
-1.033417
-1.832087
-1.492237
-2.213575
-2.740536
-2.065762
-2.56378
-3.260936
-3.158715
-2.334333
-1.979094
-1.792842
-1.615445
-1.198465
0.2520361
-0.2130075
-0.3060048
-1.818233
-0.8969965
1.178018
0.5288242
2.040372
0.2114347
0.3969631
-1.378151
0.4889208
-0.4859381
0.6948324
-0.3076458
2.050786
0.9927574
0.1905965
1.049809
0.3578291
1.776766
1.842944
0.1850117
0.2046596
10.233903
0.2974257
2.874568
-0.04788754
1.019379
0.8309345
0.1294561
0.5113013
0.1903233
-0.1489203
1.039015
0.8435552
2.359858
-0.4032269
1.677838
0.8762532
0.4490963
0.8285516
1.06529
1.7459
3.413099
2.236884
1.443026
2.516899
1.838481
0.4701152
3.366297
2.571641
2.348471
0.4657699
7.559611
4.155997
2.166967
1.199468
2.533529
0.3950003
3.173755
1.026056
0.933161
0.4749948
-0.1182624
0.8930578
1.484924
1.348024
0.7805848
0.566679
0.4757773
1.17397
2.097648
0.5475293
-0.05062642
0.6692891
0.5948067
1.103889
2.894001
0.6783461
1.4127
0.5146737
0.3739337
0.01196521
0.610024
0.9699762
2.415639
0.950473
-0.169707
1.200034
0.8243766
0.6952787
2.293022
0.8754228
-0.5216207
0.3587983
1.699873
1.212312
1.636544
0.4671723
1.18586
-1.894592
-0.03912096
-0.8197183
0.7094318
-0.1661268
0.3009609
0.3413302
-0.441038
0.5869357
1.832011
-1.350199
-1.113453
1.173391
0.8267092
-0.12036
-0.3372855
2.756149
-0.1454331
1.037613
1.284038
1.805024
2.157841
2.107833
1.717598
3.816567
2.637833
